00000010101000010000000010010011
01000000010100100000000110110011
00000000100000111100001100110011
00000000011001010010000000100011
00000000001100001000001000010011
00001000101101100010000000100011
00000000011100010000001000010011
11111111011001110000011010010011
01000001000110000000011110110011
00000001010010011100100100110011
00000000000110110010000000100011
00000000000010110010101010000011
00000000000100010000000010010011
11111111111100010000000010010011
00000000101001001100010110110011
11111111110101100000011010010011
00101000111001111010000000100011
00000000001110110010000000100011
00000000000010110010101110000011
